Time	UE Id	DistanceX	DistanceY
0.1	0	-248	-150
0.1	1	-148	-150
0.1	2	-48	-150
0.2	0	-246	-150
0.2	1	-146	-150
0.2	2	-46	-150
0.3	0	-244	-150
0.3	1	-144	-150
0.3	2	-44	-150
0.4	0	-242	-150
0.4	1	-142	-150
0.4	2	-42	-150
0.5	0	-240	-150
0.5	1	-140	-150
0.5	2	-40	-150
0.6	0	-238	-150
0.6	1	-138	-150
0.6	2	-38	-150
0.7	0	-236	-150
0.7	1	-136	-150
0.7	2	-36	-150
0.8	0	-234	-150
0.8	1	-134	-150
0.8	2	-34	-150
0.9	0	-232	-150
0.9	1	-132	-150
0.9	2	-32	-150
1	0	-230	-150
1	1	-130	-150
1	2	-30	-150
1.1	0	-228	-150
1.1	1	-128	-150
1.1	2	-28	-150
1.2	0	-226	-150
1.2	1	-126	-150
1.2	2	-26	-150
1.3	0	-224	-150
1.3	1	-124	-150
1.3	2	-24	-150
1.4	0	-222	-150
1.4	1	-122	-150
1.4	2	-22	-150
1.5	0	-220	-150
1.5	1	-120	-150
1.5	2	-20	-150
1.6	0	-218	-150
1.6	1	-118	-150
1.6	2	-18	-150
1.7	0	-216	-150
1.7	1	-116	-150
1.7	2	-16	-150
1.8	0	-214	-150
1.8	1	-114	-150
1.8	2	-14	-150
1.9	0	-212	-150
1.9	1	-112	-150
1.9	2	-12	-150
2	0	-210	-150
2	1	-110	-150
2	2	-10	-150
2.1	0	-208	-150
2.1	1	-108	-150
2.1	2	-8	-150
2.2	0	-206	-150
2.2	1	-106	-150
2.2	2	-6	-150
2.3	0	-204	-150
2.3	1	-104	-150
2.3	2	-4	-150
2.4	0	-202	-150
2.4	1	-102	-150
2.4	2	-2	-150
2.5	0	-200	-150
2.5	1	-100	-150
2.5	2	-2.77396e-11	-150
2.6	0	-198	-150
2.6	1	-98	-150
2.6	2	2	-150
2.7	0	-196	-150
2.7	1	-96	-150
2.7	2	4	-150
2.8	0	-194	-150
2.8	1	-94	-150
2.8	2	6	-150
2.9	0	-192	-150
2.9	1	-92	-150
2.9	2	8	-150
3	0	-190	-150
3	1	-90	-150
3	2	10	-150
3.1	0	-188	-150
3.1	1	-88	-150
3.1	2	12	-150
3.2	0	-186	-150
3.2	1	-86	-150
3.2	2	14	-150
3.3	0	-184	-150
3.3	1	-84	-150
3.3	2	16	-150
3.4	0	-182	-150
3.4	1	-82	-150
3.4	2	18	-150
3.5	0	-180	-150
3.5	1	-80	-150
3.5	2	20	-150
3.6	0	-178	-150
3.6	1	-78	-150
3.6	2	22	-150
3.7	0	-176	-150
3.7	1	-76	-150
3.7	2	24	-150
3.8	0	-174	-150
3.8	1	-74	-150
3.8	2	26	-150
3.9	0	-172	-150
3.9	1	-72	-150
3.9	2	28	-150
4	0	-170	-150
4	1	-70	-150
4	2	30	-150
4.1	0	-168	-150
4.1	1	-68	-150
4.1	2	32	-150
4.2	0	-166	-150
4.2	1	-66	-150
4.2	2	34	-150
4.3	0	-164	-150
4.3	1	-64	-150
4.3	2	36	-150
4.4	0	-162	-150
4.4	1	-62	-150
4.4	2	38	-150
4.5	0	-160	-150
4.5	1	-60	-150
4.5	2	40	-150
4.6	0	-158	-150
4.6	1	-58	-150
4.6	2	42	-150
4.7	0	-156	-150
4.7	1	-56	-150
4.7	2	44	-150
4.8	0	-154	-150
4.8	1	-54	-150
4.8	2	46	-150
4.9	0	-152	-150
4.9	1	-52	-150
4.9	2	48	-150
5	0	-150	-150
5	1	-50	-150
5	2	50	-150
5.1	0	-148	-150
5.1	1	-48	-150
5.1	2	52	-150
5.2	0	-146	-150
5.2	1	-46	-150
5.2	2	54	-150
5.3	0	-144	-150
5.3	1	-44	-150
5.3	2	56	-150
5.4	0	-142	-150
5.4	1	-42	-150
5.4	2	58	-150
5.5	0	-140	-150
5.5	1	-40	-150
5.5	2	60	-150
5.6	0	-138	-150
5.6	1	-38	-150
5.6	2	62	-150
5.7	0	-136	-150
5.7	1	-36	-150
5.7	2	64	-150
5.8	0	-134	-150
5.8	1	-34	-150
5.8	2	66	-150
5.9	0	-132	-150
5.9	1	-32	-150
5.9	2	68	-150
6	0	-130	-150
6	1	-30	-150
6	2	70	-150
6.1	0	-128	-150
6.1	1	-28	-150
6.1	2	72	-150
6.2	0	-126	-150
6.2	1	-26	-150
6.2	2	74	-150
6.3	0	-124	-150
6.3	1	-24	-150
6.3	2	76	-150
6.4	0	-122	-150
6.4	1	-22	-150
6.4	2	78	-150
6.5	0	-120	-150
6.5	1	-20	-150
6.5	2	80	-150
6.6	0	-118	-150
6.6	1	-18	-150
6.6	2	82	-150
6.7	0	-116	-150
6.7	1	-16	-150
6.7	2	84	-150
6.8	0	-114	-150
6.8	1	-14	-150
6.8	2	86	-150
6.9	0	-112	-150
6.9	1	-12	-150
6.9	2	88	-150
7	0	-110	-150
7	1	-10	-150
7	2	90	-150
7.1	0	-108	-150
7.1	1	-8	-150
7.1	2	92	-150
7.2	0	-106	-150
7.2	1	-6	-150
7.2	2	94	-150
7.3	0	-104	-150
7.3	1	-4	-150
7.3	2	96	-150
7.4	0	-102	-150
7.4	1	-2	-150
7.4	2	98	-150
7.5	0	-100	-150
7.5	1	-1.14767e-10	-150
7.5	2	100	-150
7.6	0	-98	-150
7.6	1	2	-150
7.6	2	102	-150
7.7	0	-96	-150
7.7	1	4	-150
7.7	2	104	-150
7.8	0	-94	-150
7.8	1	6	-150
7.8	2	106	-150
7.9	0	-92	-150
7.9	1	8	-150
7.9	2	108	-150
8	0	-90	-150
8	1	10	-150
8	2	110	-150
8.1	0	-88	-150
8.1	1	12	-150
8.1	2	112	-150
8.2	0	-86	-150
8.2	1	14	-150
8.2	2	114	-150
8.3	0	-84	-150
8.3	1	16	-150
8.3	2	116	-150
8.4	0	-82	-150
8.4	1	18	-150
8.4	2	118	-150
8.5	0	-80	-150
8.5	1	20	-150
8.5	2	120	-150
8.6	0	-78	-150
8.6	1	22	-150
8.6	2	122	-150
8.7	0	-76	-150
8.7	1	24	-150
8.7	2	124	-150
8.8	0	-74	-150
8.8	1	26	-150
8.8	2	126	-150
8.9	0	-72	-150
8.9	1	28	-150
8.9	2	128	-150
9	0	-70	-150
9	1	30	-150
9	2	130	-150
9.1	0	-68	-150
9.1	1	32	-150
9.1	2	132	-150
9.2	0	-66	-150
9.2	1	34	-150
9.2	2	134	-150
9.3	0	-64	-150
9.3	1	36	-150
9.3	2	136	-150
9.4	0	-62	-150
9.4	1	38	-150
9.4	2	138	-150
9.5	0	-60	-150
9.5	1	40	-150
9.5	2	140	-150
9.6	0	-58	-150
9.6	1	42	-150
9.6	2	142	-150
9.7	0	-56	-150
9.7	1	44	-150
9.7	2	144	-150
9.8	0	-54	-150
9.8	1	46	-150
9.8	2	146	-150
9.9	0	-52	-150
9.9	1	48	-150
9.9	2	148	-150
10	0	-50	-150
10	1	50	-150
10	2	150	-150
10.1	0	-48	-150
10.1	1	52	-150
10.1	2	152	-150
10.2	0	-46	-150
10.2	1	54	-150
10.2	2	154	-150
10.3	0	-44	-150
10.3	1	56	-150
10.3	2	156	-150
10.4	0	-42	-150
10.4	1	58	-150
10.4	2	158	-150
10.5	0	-40	-150
10.5	1	60	-150
10.5	2	160	-150
10.6	0	-38	-150
10.6	1	62	-150
10.6	2	162	-150
10.7	0	-36	-150
10.7	1	64	-150
10.7	2	164	-150
10.8	0	-34	-150
10.8	1	66	-150
10.8	2	166	-150
10.9	0	-32	-150
10.9	1	68	-150
10.9	2	168	-150
11	0	-30	-150
11	1	70	-150
11	2	170	-150
11.1	0	-28	-150
11.1	1	72	-150
11.1	2	172	-150
11.2	0	-26	-150
11.2	1	74	-150
11.2	2	174	-150
11.3	0	-24	-150
11.3	1	76	-150
11.3	2	176	-150
11.4	0	-22	-150
11.4	1	78	-150
11.4	2	178	-150
11.5	0	-20	-150
11.5	1	80	-150
11.5	2	180	-150
11.6	0	-18	-150
11.6	1	82	-150
11.6	2	182	-150
11.7	0	-16	-150
11.7	1	84	-150
11.7	2	184	-150
11.8	0	-14	-150
11.8	1	86	-150
11.8	2	186	-150
11.9	0	-12	-150
11.9	1	88	-150
11.9	2	188	-150
12	0	-10	-150
12	1	90	-150
12	2	190	-150
12.1	0	-8	-150
12.1	1	92	-150
12.1	2	192	-150
12.2	0	-6	-150
12.2	1	94	-150
12.2	2	194	-150
12.3	0	-4	-150
12.3	1	96	-150
12.3	2	196	-150
12.4	0	-2	-150
12.4	1	98	-150
12.4	2	198	-150
12.5	0	-8.02913e-11	-150
12.5	1	100	-150
12.5	2	200	-150
12.6	0	2	-150
12.6	1	102	-150
12.6	2	202	-150
12.7	0	4	-150
12.7	1	104	-150
12.7	2	204	-150
12.8	0	6	-150
12.8	1	106	-150
12.8	2	206	-150
12.9	0	8	-150
12.9	1	108	-150
12.9	2	208	-150
13	0	10	-150
13	1	110	-150
13	2	210	-150
13.1	0	12	-150
13.1	1	112	-150
13.1	2	212	-150
13.2	0	14	-150
13.2	1	114	-150
13.2	2	214	-150
13.3	0	16	-150
13.3	1	116	-150
13.3	2	216	-150
13.4	0	18	-150
13.4	1	118	-150
13.4	2	218	-150
13.5	0	20	-150
13.5	1	120	-150
13.5	2	220	-150
13.6	0	22	-150
13.6	1	122	-150
13.6	2	222	-150
13.7	0	24	-150
13.7	1	124	-150
13.7	2	224	-150
13.8	0	26	-150
13.8	1	126	-150
13.8	2	226	-150
13.9	0	28	-150
13.9	1	128	-150
13.9	2	228	-150
14	0	30	-150
14	1	130	-150
14	2	230	-150
14.1	0	32	-150
14.1	1	132	-150
14.1	2	232	-150
14.2	0	34	-150
14.2	1	134	-150
14.2	2	234	-150
14.3	0	36	-150
14.3	1	136	-150
14.3	2	236	-150
14.4	0	38	-150
14.4	1	138	-150
14.4	2	238	-150
14.5	0	40	-150
14.5	1	140	-150
14.5	2	240	-150
14.6	0	42	-150
14.6	1	142	-150
14.6	2	242	-150
14.7	0	44	-150
14.7	1	144	-150
14.7	2	244	-150
14.8	0	46	-150
14.8	1	146	-150
14.8	2	246	-150
14.9	0	48	-150
14.9	1	148	-150
14.9	2	248	-150
15	0	50	-150
15	1	150	-150
15	2	250	-150
15.1	0	52	-150
15.1	1	152	-150
15.1	2	252	-150
15.2	0	54	-150
15.2	1	154	-150
15.2	2	254	-150
15.3	0	56	-150
15.3	1	156	-150
15.3	2	256	-150
15.4	0	58	-150
15.4	1	158	-150
15.4	2	258	-150
15.5	0	60	-150
15.5	1	160	-150
15.5	2	260	-150
15.6	0	62	-150
15.6	1	162	-150
15.6	2	262	-150
15.7	0	64	-150
15.7	1	164	-150
15.7	2	264	-150
15.8	0	66	-150
15.8	1	166	-150
15.8	2	266	-150
15.9	0	68	-150
15.9	1	168	-150
15.9	2	268	-150
16	0	70	-150
16	1	170	-150
16	2	270	-150
16.1	0	72	-150
16.1	1	172	-150
16.1	2	272	-150
16.2	0	74	-150
16.2	1	174	-150
16.2	2	274	-150
16.3	0	76	-150
16.3	1	176	-150
16.3	2	276	-150
16.4	0	78	-150
16.4	1	178	-150
16.4	2	278	-150
16.5	0	80	-150
16.5	1	180	-150
16.5	2	280	-150
16.6	0	82	-150
16.6	1	182	-150
16.6	2	282	-150
16.7	0	84	-150
16.7	1	184	-150
16.7	2	284	-150
16.8	0	86	-150
16.8	1	186	-150
16.8	2	286	-150
16.9	0	88	-150
16.9	1	188	-150
16.9	2	288	-150
17	0	90	-150
17	1	190	-150
17	2	290	-150
17.1	0	92	-150
17.1	1	192	-150
17.1	2	292	-150
17.2	0	94	-150
17.2	1	194	-150
17.2	2	294	-150
17.3	0	96	-150
17.3	1	196	-150
17.3	2	296	-150
17.4	0	98	-150
17.4	1	198	-150
17.4	2	298	-150
17.5	0	100	-150
17.5	1	200	-150
17.5	2	300	-150
17.6	0	102	-150
17.6	1	202	-150
17.6	2	302	-150
17.7	0	104	-150
17.7	1	204	-150
17.7	2	304	-150
17.8	0	106	-150
17.8	1	206	-150
17.8	2	306	-150
17.9	0	108	-150
17.9	1	208	-150
17.9	2	308	-150
18	0	110	-150
18	1	210	-150
18	2	310	-150
18.1	0	112	-150
18.1	1	212	-150
18.1	2	312	-150
18.2	0	114	-150
18.2	1	214	-150
18.2	2	314	-150
18.3	0	116	-150
18.3	1	216	-150
18.3	2	316	-150
18.4	0	118	-150
18.4	1	218	-150
18.4	2	318	-150
18.5	0	120	-150
18.5	1	220	-150
18.5	2	320	-150
18.6	0	122	-150
18.6	1	222	-150
18.6	2	322	-150
18.7	0	124	-150
18.7	1	224	-150
18.7	2	324	-150
18.8	0	126	-150
18.8	1	226	-150
18.8	2	326	-150
18.9	0	128	-150
18.9	1	228	-150
18.9	2	328	-150
19	0	130	-150
19	1	230	-150
19	2	330	-150
19.1	0	132	-150
19.1	1	232	-150
19.1	2	332	-150
19.2	0	134	-150
19.2	1	234	-150
19.2	2	334	-150
19.3	0	136	-150
19.3	1	236	-150
19.3	2	336	-150
19.4	0	138	-150
19.4	1	238	-150
19.4	2	338	-150
19.5	0	140	-150
19.5	1	240	-150
19.5	2	340	-150
19.6	0	142	-150
19.6	1	242	-150
19.6	2	342	-150
19.7	0	144	-150
19.7	1	244	-150
19.7	2	344	-150
19.8	0	146	-150
19.8	1	246	-150
19.8	2	346	-150
19.9	0	148	-150
19.9	1	248	-150
19.9	2	348	-150
20	0	150	-150
20	1	250	-150
20	2	350	-150
20.1	0	152	-150
20.1	1	252	-150
20.1	2	352	-150
20.2	0	154	-150
20.2	1	254	-150
20.2	2	354	-150
20.3	0	156	-150
20.3	1	256	-150
20.3	2	356	-150
20.4	0	158	-150
20.4	1	258	-150
20.4	2	358	-150
20.5	0	160	-150
20.5	1	260	-150
20.5	2	360	-150
20.6	0	162	-150
20.6	1	262	-150
20.6	2	362	-150
20.7	0	164	-150
20.7	1	264	-150
20.7	2	364	-150
20.8	0	166	-150
20.8	1	266	-150
20.8	2	366	-150
20.9	0	168	-150
20.9	1	268	-150
20.9	2	368	-150
21	0	170	-150
21	1	270	-150
21	2	370	-150
21.1	0	172	-150
21.1	1	272	-150
21.1	2	372	-150
21.2	0	174	-150
21.2	1	274	-150
21.2	2	374	-150
21.3	0	176	-150
21.3	1	276	-150
21.3	2	376	-150
21.4	0	178	-150
21.4	1	278	-150
21.4	2	378	-150
21.5	0	180	-150
21.5	1	280	-150
21.5	2	380	-150
21.6	0	182	-150
21.6	1	282	-150
21.6	2	382	-150
21.7	0	184	-150
21.7	1	284	-150
21.7	2	384	-150
21.8	0	186	-150
21.8	1	286	-150
21.8	2	386	-150
21.9	0	188	-150
21.9	1	288	-150
21.9	2	388	-150
22	0	190	-150
22	1	290	-150
22	2	390	-150
22.1	0	192	-150
22.1	1	292	-150
22.1	2	392	-150
22.2	0	194	-150
22.2	1	294	-150
22.2	2	394	-150
22.3	0	196	-150
22.3	1	296	-150
22.3	2	396	-150
22.4	0	198	-150
22.4	1	298	-150
22.4	2	398	-150
22.5	0	200	-150
22.5	1	300	-150
22.5	2	400	-150
22.6	0	202	-150
22.6	1	302	-150
22.6	2	402	-150
22.7	0	204	-150
22.7	1	304	-150
22.7	2	404	-150
22.8	0	206	-150
22.8	1	306	-150
22.8	2	406	-150
22.9	0	208	-150
22.9	1	308	-150
22.9	2	408	-150
23	0	210	-150
23	1	310	-150
23	2	410	-150
23.1	0	212	-150
23.1	1	312	-150
23.1	2	412	-150
23.2	0	214	-150
23.2	1	314	-150
23.2	2	414	-150
23.3	0	216	-150
23.3	1	316	-150
23.3	2	416	-150
23.4	0	218	-150
23.4	1	318	-150
23.4	2	418	-150
23.5	0	220	-150
23.5	1	320	-150
23.5	2	420	-150
23.6	0	222	-150
23.6	1	322	-150
23.6	2	422	-150
23.7	0	224	-150
23.7	1	324	-150
23.7	2	424	-150
23.8	0	226	-150
23.8	1	326	-150
23.8	2	426	-150
23.9	0	228	-150
23.9	1	328	-150
23.9	2	428	-150
24	0	230	-150
24	1	330	-150
24	2	430	-150
24.1	0	232	-150
24.1	1	332	-150
24.1	2	432	-150
24.2	0	234	-150
24.2	1	334	-150
24.2	2	434	-150
24.3	0	236	-150
24.3	1	336	-150
24.3	2	436	-150
24.4	0	238	-150
24.4	1	338	-150
24.4	2	438	-150
24.5	0	240	-150
24.5	1	340	-150
24.5	2	440	-150
24.6	0	242	-150
24.6	1	342	-150
24.6	2	442	-150
24.7	0	244	-150
24.7	1	344	-150
24.7	2	444	-150
24.8	0	246	-150
24.8	1	346	-150
24.8	2	446	-150
24.9	0	248	-150
24.9	1	348	-150
24.9	2	448	-150
25	0	250	-150
25	1	350	-150
25	2	450	-150
25.1	0	252	-150
25.1	1	352	-150
25.1	2	452	-150
25.2	0	254	-150
25.2	1	354	-150
25.2	2	454	-150
25.3	0	256	-150
25.3	1	356	-150
25.3	2	456	-150
25.4	0	258	-150
25.4	1	358	-150
25.4	2	458	-150
25.5	0	260	-150
25.5	1	360	-150
25.5	2	460	-150
25.6	0	262	-150
25.6	1	362	-150
25.6	2	462	-150
25.7	0	264	-150
25.7	1	364	-150
25.7	2	464	-150
25.8	0	266	-150
25.8	1	366	-150
25.8	2	466	-150
25.9	0	268	-150
25.9	1	368	-150
25.9	2	468	-150
26	0	270	-150
26	1	370	-150
26	2	470	-150
26.1	0	272	-150
26.1	1	372	-150
26.1	2	472	-150
26.2	0	274	-150
26.2	1	374	-150
26.2	2	474	-150
26.3	0	276	-150
26.3	1	376	-150
26.3	2	476	-150
26.4	0	278	-150
26.4	1	378	-150
26.4	2	478	-150
26.5	0	280	-150
26.5	1	380	-150
26.5	2	480	-150
26.6	0	282	-150
26.6	1	382	-150
26.6	2	482	-150
26.7	0	284	-150
26.7	1	384	-150
26.7	2	484	-150
26.8	0	286	-150
26.8	1	386	-150
26.8	2	486	-150
26.9	0	288	-150
26.9	1	388	-150
26.9	2	488	-150
27	0	290	-150
27	1	390	-150
27	2	490	-150
27.1	0	292	-150
27.1	1	392	-150
27.1	2	492	-150
27.2	0	294	-150
27.2	1	394	-150
27.2	2	494	-150
27.3	0	296	-150
27.3	1	396	-150
27.3	2	496	-150
27.4	0	298	-150
27.4	1	398	-150
27.4	2	498	-150
27.5	0	300	-150
27.5	1	400	-150
27.5	2	500	-150
27.6	0	302	-150
27.6	1	402	-150
27.6	2	502	-150
27.7	0	304	-150
27.7	1	404	-150
27.7	2	504	-150
27.8	0	306	-150
27.8	1	406	-150
27.8	2	506	-150
27.9	0	308	-150
27.9	1	408	-150
27.9	2	508	-150
28	0	310	-150
28	1	410	-150
28	2	510	-150
28.1	0	312	-150
28.1	1	412	-150
28.1	2	512	-150
28.2	0	314	-150
28.2	1	414	-150
28.2	2	514	-150
28.3	0	316	-150
28.3	1	416	-150
28.3	2	516	-150
28.4	0	318	-150
28.4	1	418	-150
28.4	2	518	-150
28.5	0	320	-150
28.5	1	420	-150
28.5	2	520	-150
28.6	0	322	-150
28.6	1	422	-150
28.6	2	522	-150
28.7	0	324	-150
28.7	1	424	-150
28.7	2	524	-150
28.8	0	326	-150
28.8	1	426	-150
28.8	2	526	-150
28.9	0	328	-150
28.9	1	428	-150
28.9	2	528	-150
29	0	330	-150
29	1	430	-150
29	2	530	-150
29.1	0	332	-150
29.1	1	432	-150
29.1	2	532	-150
29.2	0	334	-150
29.2	1	434	-150
29.2	2	534	-150
29.3	0	336	-150
29.3	1	436	-150
29.3	2	536	-150
29.4	0	338	-150
29.4	1	438	-150
29.4	2	538	-150
29.5	0	340	-150
29.5	1	440	-150
29.5	2	540	-150
29.6	0	342	-150
29.6	1	442	-150
29.6	2	542	-150
29.7	0	344	-150
29.7	1	444	-150
29.7	2	544	-150
29.8	0	346	-150
29.8	1	446	-150
29.8	2	546	-150
29.9	0	348	-150
29.9	1	448	-150
29.9	2	548	-150
30	0	350	-150
30	1	450	-150
30	2	550	-150
30.1	0	352	-150
30.1	1	452	-150
30.1	2	552	-150
30.2	0	354	-150
30.2	1	454	-150
30.2	2	554	-150
30.3	0	356	-150
30.3	1	456	-150
30.3	2	556	-150
30.4	0	358	-150
30.4	1	458	-150
30.4	2	558	-150
30.5	0	360	-150
30.5	1	460	-150
30.5	2	560	-150
30.6	0	362	-150
30.6	1	462	-150
30.6	2	562	-150
30.7	0	364	-150
30.7	1	464	-150
30.7	2	564	-150
30.8	0	366	-150
30.8	1	466	-150
30.8	2	566	-150
30.9	0	368	-150
30.9	1	468	-150
30.9	2	568	-150
31	0	370	-150
31	1	470	-150
31	2	570	-150
31.1	0	372	-150
31.1	1	472	-150
31.1	2	572	-150
31.2	0	374	-150
31.2	1	474	-150
31.2	2	574	-150
31.3	0	376	-150
31.3	1	476	-150
31.3	2	576	-150
31.4	0	378	-150
31.4	1	478	-150
31.4	2	578	-150
31.5	0	380	-150
31.5	1	480	-150
31.5	2	580	-150
31.6	0	382	-150
31.6	1	482	-150
31.6	2	582	-150
31.7	0	384	-150
31.7	1	484	-150
31.7	2	584	-150
31.8	0	386	-150
31.8	1	486	-150
31.8	2	586	-150
31.9	0	388	-150
31.9	1	488	-150
31.9	2	588	-150
32	0	390	-150
32	1	490	-150
32	2	590	-150
32.1	0	392	-150
32.1	1	492	-150
32.1	2	592	-150
32.2	0	394	-150
32.2	1	494	-150
32.2	2	594	-150
32.3	0	396	-150
32.3	1	496	-150
32.3	2	596	-150
32.4	0	398	-150
32.4	1	498	-150
32.4	2	598	-150
32.5	0	400	-150
32.5	1	500	-150
32.5	2	600	-150
32.6	0	402	-150
32.6	1	502	-150
32.6	2	602	-150
32.7	0	404	-150
32.7	1	504	-150
32.7	2	604	-150
32.8	0	406	-150
32.8	1	506	-150
32.8	2	606	-150
32.9	0	408	-150
32.9	1	508	-150
32.9	2	608	-150
33	0	410	-150
33	1	510	-150
33	2	610	-150
33.1	0	412	-150
33.1	1	512	-150
33.1	2	612	-150
33.2	0	414	-150
33.2	1	514	-150
33.2	2	614	-150
33.3	0	416	-150
33.3	1	516	-150
33.3	2	616	-150
33.4	0	418	-150
33.4	1	518	-150
33.4	2	618	-150
33.5	0	420	-150
33.5	1	520	-150
33.5	2	620	-150
33.6	0	422	-150
33.6	1	522	-150
33.6	2	622	-150
33.7	0	424	-150
33.7	1	524	-150
33.7	2	624	-150
33.8	0	426	-150
33.8	1	526	-150
33.8	2	626	-150
33.9	0	428	-150
33.9	1	528	-150
33.9	2	628	-150
34	0	430	-150
34	1	530	-150
34	2	630	-150
34.1	0	432	-150
34.1	1	532	-150
34.1	2	632	-150
34.2	0	434	-150
34.2	1	534	-150
34.2	2	634	-150
34.3	0	436	-150
34.3	1	536	-150
34.3	2	636	-150
34.4	0	438	-150
34.4	1	538	-150
34.4	2	638	-150
34.5	0	440	-150
34.5	1	540	-150
34.5	2	640	-150
34.6	0	442	-150
34.6	1	542	-150
34.6	2	642	-150
34.7	0	444	-150
34.7	1	544	-150
34.7	2	644	-150
34.8	0	446	-150
34.8	1	546	-150
34.8	2	646	-150
34.9	0	448	-150
34.9	1	548	-150
34.9	2	648	-150
35	0	450	-150
35	1	550	-150
35	2	650	-150
35.1	0	452	-150
35.1	1	552	-150
35.1	2	652	-150
35.2	0	454	-150
35.2	1	554	-150
35.2	2	654	-150
35.3	0	456	-150
35.3	1	556	-150
35.3	2	656	-150
35.4	0	458	-150
35.4	1	558	-150
35.4	2	658	-150
35.5	0	460	-150
35.5	1	560	-150
35.5	2	660	-150
35.6	0	462	-150
35.6	1	562	-150
35.6	2	662	-150
35.7	0	464	-150
35.7	1	564	-150
35.7	2	664	-150
35.8	0	466	-150
35.8	1	566	-150
35.8	2	666	-150
35.9	0	468	-150
35.9	1	568	-150
35.9	2	668	-150
36	0	470	-150
36	1	570	-150
36	2	670	-150
36.1	0	472	-150
36.1	1	572	-150
36.1	2	672	-150
36.2	0	474	-150
36.2	1	574	-150
36.2	2	674	-150
36.3	0	476	-150
36.3	1	576	-150
36.3	2	676	-150
36.4	0	478	-150
36.4	1	578	-150
36.4	2	678	-150
36.5	0	480	-150
36.5	1	580	-150
36.5	2	680	-150
36.6	0	482	-150
36.6	1	582	-150
36.6	2	682	-150
36.7	0	484	-150
36.7	1	584	-150
36.7	2	684	-150
36.8	0	486	-150
36.8	1	586	-150
36.8	2	686	-150
36.9	0	488	-150
36.9	1	588	-150
36.9	2	688	-150
37	0	490	-150
37	1	590	-150
37	2	690	-150
37.1	0	492	-150
37.1	1	592	-150
37.1	2	692	-150
37.2	0	494	-150
37.2	1	594	-150
37.2	2	694	-150
37.3	0	496	-150
37.3	1	596	-150
37.3	2	696	-150
37.4	0	498	-150
37.4	1	598	-150
37.4	2	698	-150
37.5	0	500	-150
37.5	1	600	-150
37.5	2	700	-150
37.6	0	502	-150
37.6	1	602	-150
37.6	2	702	-150
37.7	0	504	-150
37.7	1	604	-150
37.7	2	704	-150
37.8	0	506	-150
37.8	1	606	-150
37.8	2	706	-150
37.9	0	508	-150
37.9	1	608	-150
37.9	2	708	-150
38	0	510	-150
38	1	610	-150
38	2	710	-150
38.1	0	512	-150
38.1	1	612	-150
38.1	2	712	-150
38.2	0	514	-150
38.2	1	614	-150
38.2	2	714	-150
38.3	0	516	-150
38.3	1	616	-150
38.3	2	716	-150
38.4	0	518	-150
38.4	1	618	-150
38.4	2	718	-150
38.5	0	520	-150
38.5	1	620	-150
38.5	2	720	-150
38.6	0	522	-150
38.6	1	622	-150
38.6	2	722	-150
38.7	0	524	-150
38.7	1	624	-150
38.7	2	724	-150
38.8	0	526	-150
38.8	1	626	-150
38.8	2	726	-150
38.9	0	528	-150
38.9	1	628	-150
38.9	2	728	-150
39	0	530	-150
39	1	630	-150
39	2	730	-150
39.1	0	532	-150
39.1	1	632	-150
39.1	2	732	-150
39.2	0	534	-150
39.2	1	634	-150
39.2	2	734	-150
39.3	0	536	-150
39.3	1	636	-150
39.3	2	736	-150
39.4	0	538	-150
39.4	1	638	-150
39.4	2	738	-150
39.5	0	540	-150
39.5	1	640	-150
39.5	2	740	-150
39.6	0	542	-150
39.6	1	642	-150
39.6	2	742	-150
39.7	0	544	-150
39.7	1	644	-150
39.7	2	744	-150
39.8	0	546	-150
39.8	1	646	-150
39.8	2	746	-150
39.9	0	548	-150
39.9	1	648	-150
39.9	2	748	-150
40	0	550	-150
40	1	650	-150
40	2	750	-150
40.1	0	552	-150
40.1	1	652	-150
40.1	2	752	-150
40.2	0	554	-150
40.2	1	654	-150
40.2	2	754	-150
40.3	0	556	-150
40.3	1	656	-150
40.3	2	756	-150
40.4	0	558	-150
40.4	1	658	-150
40.4	2	758	-150
40.5	0	560	-150
40.5	1	660	-150
40.5	2	760	-150
40.6	0	562	-150
40.6	1	662	-150
40.6	2	762	-150
40.7	0	564	-150
40.7	1	664	-150
40.7	2	764	-150
40.8	0	566	-150
40.8	1	666	-150
40.8	2	766	-150
40.9	0	568	-150
40.9	1	668	-150
40.9	2	768	-150
41	0	570	-150
41	1	670	-150
41	2	770	-150
41.1	0	572	-150
41.1	1	672	-150
41.1	2	772	-150
41.2	0	574	-150
41.2	1	674	-150
41.2	2	774	-150
41.3	0	576	-150
41.3	1	676	-150
41.3	2	776	-150
41.4	0	578	-150
41.4	1	678	-150
41.4	2	778	-150
41.5	0	580	-150
41.5	1	680	-150
41.5	2	780	-150
41.6	0	582	-150
41.6	1	682	-150
41.6	2	782	-150
41.7	0	584	-150
41.7	1	684	-150
41.7	2	784	-150
41.8	0	586	-150
41.8	1	686	-150
41.8	2	786	-150
41.9	0	588	-150
41.9	1	688	-150
41.9	2	788	-150
42	0	590	-150
42	1	690	-150
42	2	790	-150
42.1	0	592	-150
42.1	1	692	-150
42.1	2	792	-150
42.2	0	594	-150
42.2	1	694	-150
42.2	2	794	-150
42.3	0	596	-150
42.3	1	696	-150
42.3	2	796	-150
42.4	0	598	-150
42.4	1	698	-150
42.4	2	798	-150
42.5	0	600	-150
42.5	1	700	-150
42.5	2	800	-150
42.6	0	602	-150
42.6	1	702	-150
42.6	2	802	-150
42.7	0	604	-150
42.7	1	704	-150
42.7	2	804	-150
42.8	0	606	-150
42.8	1	706	-150
42.8	2	806	-150
42.9	0	608	-150
42.9	1	708	-150
42.9	2	808	-150
43	0	610	-150
43	1	710	-150
43	2	810	-150
43.1	0	612	-150
43.1	1	712	-150
43.1	2	812	-150
43.2	0	614	-150
43.2	1	714	-150
43.2	2	814	-150
43.3	0	616	-150
43.3	1	716	-150
43.3	2	816	-150
43.4	0	618	-150
43.4	1	718	-150
43.4	2	818	-150
43.5	0	620	-150
43.5	1	720	-150
43.5	2	820	-150
43.6	0	622	-150
43.6	1	722	-150
43.6	2	822	-150
43.7	0	624	-150
43.7	1	724	-150
43.7	2	824	-150
43.8	0	626	-150
43.8	1	726	-150
43.8	2	826	-150
43.9	0	628	-150
43.9	1	728	-150
43.9	2	828	-150
44	0	630	-150
44	1	730	-150
44	2	830	-150
44.1	0	632	-150
44.1	1	732	-150
44.1	2	832	-150
44.2	0	634	-150
44.2	1	734	-150
44.2	2	834	-150
44.3	0	636	-150
44.3	1	736	-150
44.3	2	836	-150
44.4	0	638	-150
44.4	1	738	-150
44.4	2	838	-150
44.5	0	640	-150
44.5	1	740	-150
44.5	2	840	-150
44.6	0	642	-150
44.6	1	742	-150
44.6	2	842	-150
44.7	0	644	-150
44.7	1	744	-150
44.7	2	844	-150
44.8	0	646	-150
44.8	1	746	-150
44.8	2	846	-150
44.9	0	648	-150
44.9	1	748	-150
44.9	2	848	-150
45	0	650	-150
45	1	750	-150
45	2	850	-150
45.1	0	652	-150
45.1	1	752	-150
45.1	2	852	-150
45.2	0	654	-150
45.2	1	754	-150
45.2	2	854	-150
45.3	0	656	-150
45.3	1	756	-150
45.3	2	856	-150
45.4	0	658	-150
45.4	1	758	-150
45.4	2	858	-150
45.5	0	660	-150
45.5	1	760	-150
45.5	2	860	-150
45.6	0	662	-150
45.6	1	762	-150
45.6	2	862	-150
45.7	0	664	-150
45.7	1	764	-150
45.7	2	864	-150
45.8	0	666	-150
45.8	1	766	-150
45.8	2	866	-150
45.9	0	668	-150
45.9	1	768	-150
45.9	2	868	-150
46	0	670	-150
46	1	770	-150
46	2	870	-150
46.1	0	672	-150
46.1	1	772	-150
46.1	2	872	-150
46.2	0	674	-150
46.2	1	774	-150
46.2	2	874	-150
46.3	0	676	-150
46.3	1	776	-150
46.3	2	876	-150
46.4	0	678	-150
46.4	1	778	-150
46.4	2	878	-150
46.5	0	680	-150
46.5	1	780	-150
46.5	2	880	-150
46.6	0	682	-150
46.6	1	782	-150
46.6	2	882	-150
46.7	0	684	-150
46.7	1	784	-150
46.7	2	884	-150
46.8	0	686	-150
46.8	1	786	-150
46.8	2	886	-150
46.9	0	688	-150
46.9	1	788	-150
46.9	2	888	-150
47	0	690	-150
47	1	790	-150
47	2	890	-150
47.1	0	692	-150
47.1	1	792	-150
47.1	2	892	-150
47.2	0	694	-150
47.2	1	794	-150
47.2	2	894	-150
47.3	0	696	-150
47.3	1	796	-150
47.3	2	896	-150
47.4	0	698	-150
47.4	1	798	-150
47.4	2	898	-150
47.5	0	700	-150
47.5	1	800	-150
47.5	2	900	-150
47.6	0	702	-150
47.6	1	802	-150
47.6	2	902	-150
47.7	0	704	-150
47.7	1	804	-150
47.7	2	904	-150
47.8	0	706	-150
47.8	1	806	-150
47.8	2	906	-150
47.9	0	708	-150
47.9	1	808	-150
47.9	2	908	-150
48	0	710	-150
48	1	810	-150
48	2	910	-150
48.1	0	712	-150
48.1	1	812	-150
48.1	2	912	-150
48.2	0	714	-150
48.2	1	814	-150
48.2	2	914	-150
48.3	0	716	-150
48.3	1	816	-150
48.3	2	916	-150
48.4	0	718	-150
48.4	1	818	-150
48.4	2	918	-150
48.5	0	720	-150
48.5	1	820	-150
48.5	2	920	-150
48.6	0	722	-150
48.6	1	822	-150
48.6	2	922	-150
48.7	0	724	-150
48.7	1	824	-150
48.7	2	924	-150
48.8	0	726	-150
48.8	1	826	-150
48.8	2	926	-150
48.9	0	728	-150
48.9	1	828	-150
48.9	2	928	-150
49	0	730	-150
49	1	830	-150
49	2	930	-150
49.1	0	732	-150
49.1	1	832	-150
49.1	2	932	-150
49.2	0	734	-150
49.2	1	834	-150
49.2	2	934	-150
49.3	0	736	-150
49.3	1	836	-150
49.3	2	936	-150
49.4	0	738	-150
49.4	1	838	-150
49.4	2	938	-150
49.5	0	740	-150
49.5	1	840	-150
49.5	2	940	-150
49.6	0	742	-150
49.6	1	842	-150
49.6	2	942	-150
49.7	0	744	-150
49.7	1	844	-150
49.7	2	944	-150
49.8	0	746	-150
49.8	1	846	-150
49.8	2	946	-150
49.9	0	748	-150
49.9	1	848	-150
49.9	2	948	-150
50	0	750	-150
50	1	850	-150
50	2	950	-150
50.1	0	752	-150
50.1	1	852	-150
50.1	2	952	-150
50.2	0	754	-150
50.2	1	854	-150
50.2	2	954	-150
50.3	0	756	-150
50.3	1	856	-150
50.3	2	956	-150
50.4	0	758	-150
50.4	1	858	-150
50.4	2	958	-150
50.5	0	760	-150
50.5	1	860	-150
50.5	2	960	-150
50.6	0	762	-150
50.6	1	862	-150
50.6	2	962	-150
50.7	0	764	-150
50.7	1	864	-150
50.7	2	964	-150
50.8	0	766	-150
50.8	1	866	-150
50.8	2	966	-150
50.9	0	768	-150
50.9	1	868	-150
50.9	2	968	-150
51	0	770	-150
51	1	870	-150
51	2	970	-150
51.1	0	772	-150
51.1	1	872	-150
51.1	2	972	-150
51.2	0	774	-150
51.2	1	874	-150
51.2	2	974	-150
51.3	0	776	-150
51.3	1	876	-150
51.3	2	976	-150
51.4	0	778	-150
51.4	1	878	-150
51.4	2	978	-150
51.5	0	780	-150
51.5	1	880	-150
51.5	2	980	-150
51.6	0	782	-150
51.6	1	882	-150
51.6	2	982	-150
51.7	0	784	-150
51.7	1	884	-150
51.7	2	984	-150
51.8	0	786	-150
51.8	1	886	-150
51.8	2	986	-150
51.9	0	788	-150
51.9	1	888	-150
51.9	2	988	-150
52	0	790	-150
52	1	890	-150
52	2	990	-150
52.1	0	792	-150
52.1	1	892	-150
52.1	2	992	-150
52.2	0	794	-150
52.2	1	894	-150
52.2	2	994	-150
52.3	0	796	-150
52.3	1	896	-150
52.3	2	996	-150
52.4	0	798	-150
52.4	1	898	-150
52.4	2	998	-150
52.5	0	800	-150
52.5	1	900	-150
52.5	2	1000	-150
52.6	0	802	-150
52.6	1	902	-150
52.6	2	1002	-150
52.7	0	804	-150
52.7	1	904	-150
52.7	2	1004	-150
52.8	0	806	-150
52.8	1	906	-150
52.8	2	1006	-150
52.9	0	808	-150
52.9	1	908	-150
52.9	2	1008	-150
53	0	810	-150
53	1	910	-150
53	2	1010	-150
53.1	0	812	-150
53.1	1	912	-150
53.1	2	1012	-150
53.2	0	814	-150
53.2	1	914	-150
53.2	2	1014	-150
53.3	0	816	-150
53.3	1	916	-150
53.3	2	1016	-150
53.4	0	818	-150
53.4	1	918	-150
53.4	2	1018	-150
53.5	0	820	-150
53.5	1	920	-150
53.5	2	1020	-150
53.6	0	822	-150
53.6	1	922	-150
53.6	2	1022	-150
53.7	0	824	-150
53.7	1	924	-150
53.7	2	1024	-150
53.8	0	826	-150
53.8	1	926	-150
53.8	2	1026	-150
53.9	0	828	-150
53.9	1	928	-150
53.9	2	1028	-150
54	0	830	-150
54	1	930	-150
54	2	1030	-150
54.1	0	832	-150
54.1	1	932	-150
54.1	2	1032	-150
54.2	0	834	-150
54.2	1	934	-150
54.2	2	1034	-150
54.3	0	836	-150
54.3	1	936	-150
54.3	2	1036	-150
54.4	0	838	-150
54.4	1	938	-150
54.4	2	1038	-150
54.5	0	840	-150
54.5	1	940	-150
54.5	2	1040	-150
54.6	0	842	-150
54.6	1	942	-150
54.6	2	1042	-150
54.7	0	844	-150
54.7	1	944	-150
54.7	2	1044	-150
54.8	0	846	-150
54.8	1	946	-150
54.8	2	1046	-150
54.9	0	848	-150
54.9	1	948	-150
54.9	2	1048	-150
55	0	850	-150
55	1	950	-150
55	2	1050	-150
55.1	0	852	-150
55.1	1	952	-150
55.1	2	1052	-150
55.2	0	854	-150
55.2	1	954	-150
55.2	2	1054	-150
55.3	0	856	-150
55.3	1	956	-150
55.3	2	1056	-150
55.4	0	858	-150
55.4	1	958	-150
55.4	2	1058	-150
55.5	0	860	-150
55.5	1	960	-150
55.5	2	1060	-150
55.6	0	862	-150
55.6	1	962	-150
55.6	2	1062	-150
55.7	0	864	-150
55.7	1	964	-150
55.7	2	1064	-150
55.8	0	866	-150
55.8	1	966	-150
55.8	2	1066	-150
55.9	0	868	-150
55.9	1	968	-150
55.9	2	1068	-150
56	0	870	-150
56	1	970	-150
56	2	1070	-150
56.1	0	872	-150
56.1	1	972	-150
56.1	2	1072	-150
56.2	0	874	-150
56.2	1	974	-150
56.2	2	1074	-150
56.3	0	876	-150
56.3	1	976	-150
56.3	2	1076	-150
56.4	0	878	-150
56.4	1	978	-150
56.4	2	1078	-150
56.5	0	880	-150
56.5	1	980	-150
56.5	2	1080	-150
56.6	0	882	-150
56.6	1	982	-150
56.6	2	1082	-150
56.7	0	884	-150
56.7	1	984	-150
56.7	2	1084	-150
56.8	0	886	-150
56.8	1	986	-150
56.8	2	1086	-150
56.9	0	888	-150
56.9	1	988	-150
56.9	2	1088	-150
57	0	890	-150
57	1	990	-150
57	2	1090	-150
57.1	0	892	-150
57.1	1	992	-150
57.1	2	1092	-150
57.2	0	894	-150
57.2	1	994	-150
57.2	2	1094	-150
57.3	0	896	-150
57.3	1	996	-150
57.3	2	1096	-150
57.4	0	898	-150
57.4	1	998	-150
57.4	2	1098	-150
57.5	0	900	-150
57.5	1	1000	-150
57.5	2	1100	-150
57.6	0	902	-150
57.6	1	1002	-150
57.6	2	1102	-150
57.7	0	904	-150
57.7	1	1004	-150
57.7	2	1104	-150
57.8	0	906	-150
57.8	1	1006	-150
57.8	2	1106	-150
57.9	0	908	-150
57.9	1	1008	-150
57.9	2	1108	-150
58	0	910	-150
58	1	1010	-150
58	2	1110	-150
58.1	0	912	-150
58.1	1	1012	-150
58.1	2	1112	-150
58.2	0	914	-150
58.2	1	1014	-150
58.2	2	1114	-150
58.3	0	916	-150
58.3	1	1016	-150
58.3	2	1116	-150
58.4	0	918	-150
58.4	1	1018	-150
58.4	2	1118	-150
58.5	0	920	-150
58.5	1	1020	-150
58.5	2	1120	-150
58.6	0	922	-150
58.6	1	1022	-150
58.6	2	1122	-150
58.7	0	924	-150
58.7	1	1024	-150
58.7	2	1124	-150
58.8	0	926	-150
58.8	1	1026	-150
58.8	2	1126	-150
58.9	0	928	-150
58.9	1	1028	-150
58.9	2	1128	-150
59	0	930	-150
59	1	1030	-150
59	2	1130	-150
59.1	0	932	-150
59.1	1	1032	-150
59.1	2	1132	-150
59.2	0	934	-150
59.2	1	1034	-150
59.2	2	1134	-150
59.3	0	936	-150
59.3	1	1036	-150
59.3	2	1136	-150
59.4	0	938	-150
59.4	1	1038	-150
59.4	2	1138	-150
59.5	0	940	-150
59.5	1	1040	-150
59.5	2	1140	-150
59.6	0	942	-150
59.6	1	1042	-150
59.6	2	1142	-150
59.7	0	944	-150
59.7	1	1044	-150
59.7	2	1144	-150
59.8	0	946	-150
59.8	1	1046	-150
59.8	2	1146	-150
59.9	0	948	-150
59.9	1	1048	-150
59.9	2	1148	-150
