0.06 1 2 1 
0.755325 1 3 1 
0.756018 1 3 1 
0.930414 1 2 2 
0.931018 1 2 2 
0.931018 1 2 2 
1.35918 1 3 2 
1.35977 1 3 2 
1.35977 1 3 2 
1.35977 1 3 2 
1.43118 1 2 3 
1.43177 1 2 3 
1.43177 1 2 3 
1.43177 1 2 3 
1.43177 1 2 3 
2.77218 1 3 3 
2.77277 1 3 3 
2.77277 1 3 3 
2.77277 1 3 3 
2.77277 1 3 3 
2.77277 1 3 3 
2.97299 1 2 4 
2.97377 1 2 4 
2.97377 1 2 4 
2.97377 1 2 4 
2.97377 1 2 4 
2.97377 1 2 4 
2.97377 1 2 4 
3.91218 1 3 4 
3.91277 1 3 4 
3.91277 1 3 4 
3.91277 1 3 4 
3.91277 1 3 4 
3.91277 1 3 4 
3.91277 1 3 4 
3.91277 1 3 4 
4.13718 1 2 5 
4.13777 1 2 5 
4.13777 1 2 5 
4.13777 1 2 5 
4.13777 1 2 5 
4.13777 1 2 5 
4.13777 1 2 5 
4.13777 1 2 5 
4.13777 1 2 5 
10.1212 1 3 5 
10.1218 1 3 5 
10.1218 1 3 5 
10.1218 1 3 5 
10.1218 1 3 5 
10.1218 1 3 5 
10.1218 1 3 5 
10.1218 1 3 5 
10.1218 1 3 5 
10.1218 1 3 5 
